1.6666 0.526772
1.6666 0.128041
1.6666 0.276786
1.6666 -0.225321
1.6666 -0.383511
1.6666 -0.0730745
1.6666 0.0874338
1.6666 0.536812
1.6666 0.152528
1.6666 0.0833456
1.6666 -0.0689755
1.6666 0.0287746
1.6666 0.332987
1.6666 -0.0110319
1.6666 -0.047222
1.6666 -0.268868
1.6666 0.0259939
1.6666 0.0406916
1.6666 -0.168701
1.6666 -0.52934
1.6666 -0.0647604
1.6666 -0.552897
1.6666 0.120781
1.6666 -0.0703328
1.6666 -0.0285111
1.6666 1.37133
1.6666 -0.612597
1.6666 0.52909
1.6666 0.246494
1.6666 0.569157
1.6666 -0.145836
1.6666 -0.0745695
1.6666 -0.0556387
1.6666 -0.218102
1.6666 0.039812
1.6666 0.954975
1.6666 0.390737
1.6666 1.27052
1.6666 0.494603
1.6666 1.00503
1.6666 0.0686587
1.6666 0.306509
1.6666 -0.033597
1.6666 0.133771
1.6666 1.1388
1.6666 0.151795
1.6666 0.102883
1.6666 -0.146324
1.6666 0.558144
1.6666 -0.0128599
1.6666 0.235515
1.6666 -0.165067
1.6666 0.793683
1.6666 0.675541
1.6666 0.361985
1.6666 -0.104921
1.6666 0.309239
1.6666 -0.367781
1.6666 -0.103403
1.6666 0.0533148
1.6666 0.123288
1.6666 0.772456
1.6666 0.60861
1.6666 1.26044
1.6666 0.386991
1.6666 -0.172482
1.6666 0.0110066
1.6666 1.05217
1.6666 0.303964
1.6666 1.21512
1.6666 0.90907
1.6666 0.588642
1.6666 -0.0940871
1.6666 -0.0118588
1.6666 -0.0852113
1.6666 1.00938
1.6666 1.03247
1.6666 -0.258369
1.6666 -0.137932
1.6666 -0.614455
1.6666 0.281941
1.6666 0.180314
1.6666 0.270692
1.6666 0.0586565
1.6666 0.119309
1.6666 0.259859
1.6666 0.818631
1.6666 0.241392
1.6666 0.028669
1.6666 -0.191675
1.6666 -0.0216292
1.6666 1.09629
1.6666 0.104154
1.6666 0.131638
1.6666 -0.171534
1.6666 0.423305
1.6666 0.347222
1.6666 -0.0388596
1.6666 0.120075
1.6666 -0.162706
1.6666 0.958132
1.6666 0.128424
1.6666 0.462938
1.6666 0.274734
1.6666 0.443207
1.6666 1.09552
1.6666 0.877022
1.6666 -0.167135
1.6666 0.230123
1.6666 0.981468
1.6666 1.1966
1.6666 0.102838
1.6666 1.05864
1.6666 0.468204
1.6666 0.0073828
1.6666 0.79661
1.6666 0.019333
1.6666 -0.336822
1.6666 0.437422
1.6666 -0.0720148
1.6666 0.0783138
1.6666 0.0554017
1.6666 0.758144
1.6666 -0.411166
1.6666 0.0492052
1.6666 -0.0365345
1.6666 1.10161
1.6666 -0.128502
1.6666 0.224936
1.6666 -0.202222
1.6666 0.269323
1.6666 -0.229563
1.6666 0.184854
1.6666 1.03678
1.6666 1.12569
1.6666 1.13613
1.6666 -0.0476811
1.6666 -0.268268
1.6666 0.15008
1.6666 -0.0439013
1.6666 -0.470991
1.6666 1.33525
1.6666 1.44762
1.6666 -0.058926
1.6666 1.19972
1.6666 0.300239
1.6666 -0.0138029
1.6666 0.745079
1.6666 0.164631
1.6666 0.288124
1.6666 0.685378
1.6666 -0.129731
1.6666 -0.29241
1.6666 -0.210404
1.6666 -0.395892
1.6666 0.108771
1.6666 0.864029
1.6666 0.139019
1.6666 -0.155958
1.6666 -0.127117
1.6666 -0.473688
1.6666 -0.00522899
1.6666 -0.425785
1.6666 -0.261294
1.6666 0.253966
1.6666 1.01066
1.6666 -0.0707693
1.6666 -0.225636
1.6666 -0.355163
1.6666 -0.244157
1.6666 0.201401
1.6666 0.0490364
1.6666 0.111168
1.6666 -0.0183744
1.6666 0.681824
1.6666 0.014649
1.6666 -0.0144327
1.6666 0.347356
1.6666 -0.488086
1.6666 -0.364571
1.6666 1.20072
1.6666 -0.217051
1.6666 0.605663
1.6666 -0.161384
1.6666 0.791125
1.6666 0.52882
1.6666 0.381063
1.6666 0.165361
1.6666 1.05071
1.6666 -0.0549722
1.6666 -0.413321
1.6666 0.330605
1.6666 0.0913403
1.6666 0.433279
1.6666 -0.0375052
1.6666 -0.052988
1.6666 -0.395948
1.6666 -0.269799
1.6666 -0.268939
1.6666 0.228101
1.6666 0.0417943
1.6666 0.345859
1.6666 -0.37713
1.6666 -0.225082
1.6666 0.346466
1.6666 1.03435
1.6666 0.315312
1.6666 0.0611056
1.6666 0.892199
1.6666 0.0491382
1.6666 0.125967
1.6666 0.616844
1.6666 0.0384751
1.6666 0.0813635
1.6666 0.421962
1.6666 0.774356
1.6666 -0.552476
1.6666 -0.356218
1.6666 0.00250119
1.6666 0.76256
1.6666 -0.0979087
1.6666 -0.231343
1.6666 0.199826
1.6666 1.16624
1.6666 -0.235463
1.6666 -0.0979365
1.6666 0.514609
1.6666 -0.128669
1.6666 -0.159728
1.6666 0.0206695
1.6666 -0.178917
1.6666 0.46763
1.6666 1.02158
1.6666 0.434938
1.6666 0.263851
1.6666 0.141887
1.6666 -0.118551
1.6666 1.10864
1.6666 -0.119592
1.6666 -0.057823
1.6666 -0.148788
1.6666 0.224745
1.6666 0.396029
1.6666 1.06854
1.6666 0.25696
1.6666 0.142481
1.6666 0.308056
1.6666 -0.126536
1.6666 0.84665
1.6666 -0.405394
1.6666 -0.0903998
1.6666 1.10258
1.6666 0.351645
1.6666 -0.37087
1.6666 0.107788
1.6666 -0.299049
1.6666 0.044629
1.6666 -0.228474
1.6666 -0.19797
1.6666 1.2456
1.6666 0.201664
1.6666 -0.152488
1.6666 0.607167
1.6666 0.038611
1.6666 0.149626
1.6666 -0.0218667
1.6666 0.31864
1.6666 -0.739442
1.6666 0.0369916
1.6666 0.190039
1.6666 -0.203728
1.6666 -0.283196
1.6666 1.12117
1.6666 0.117927
1.6666 1.0208
1.6666 1.19942
1.6666 0.32387
1.6666 0.0854872
1.6666 0.024147
1.6666 0.951488
1.6666 -0.0475978
1.6666 1.05118
1.6666 1.2436
1.6666 -0.349631
1.6666 -0.166316
1.6666 -0.0599773
1.6666 0.274065
1.6666 -0.120166
1.6666 -0.166044
1.6666 -0.429194
1.6666 -0.195416
1.6666 -0.10049
1.6666 0.444216
1.6666 1.05306
1.6666 0.258754
1.6666 -0.185365
1.6666 0.352957
1.6666 -0.161963
1.6666 -0.0372245
1.6666 -0.214539
1.6666 -0.105054
1.6666 0.435112
1.6666 0.18058
1.6666 0.866466
1.6666 0.146716
1.6666 -0.154314
1.6666 0.334934
1.6666 0.0287525
1.6666 0.128945
1.6666 -0.0753423
1.6666 0.235931
1.6666 0.363913
1.6666 0.229373
1.6666 0.276079
1.6666 -0.510828
1.6666 -0.00857183
1.6666 -0.418168
1.6666 0.94578
1.6666 1.31188
1.6666 -0.0902964
1.6666 0.665408
1.6666 -0.30453
1.6666 -0.168725
1.6666 0.181154
1.6666 -0.10971
1.6666 0.230115
1.6666 -0.0836575
1.6666 -0.274649
1.6666 -0.0645345
1.6666 -0.0547121
1.6666 -0.348316
1.6666 1.24676
1.6666 0.0848992
1.6666 -0.256061
1.6666 -0.167628
1.6666 0.0812108
1.6666 0.747012
1.6666 -0.570202
1.6666 0.0330105
1.6666 -0.0320498
1.6666 0.0873379
1.6666 0.669629
1.6666 0.0414748
1.6666 0.93922
1.6666 1.2475
1.6666 0.267581
1.6666 -0.353835
1.6666 -0.0773367
1.6666 0.893661
1.6666 0.555592
1.6666 0.812351
1.6666 0.769022
1.6666 0.0187679
1.6666 -0.0609181
1.6666 0.272289
1.6666 0.114967
1.6666 1.20962
1.6666 -0.0963877
1.6666 0.378425
1.6666 0.0683614
1.6666 0.830017
1.6666 0.924257
1.6666 1.28163
1.6666 0.18244
1.6666 0.978346
1.6666 0.0836351
1.6666 0.329889
1.6666 1.08754
1.6666 0.578415
1.6666 -0.325633
1.6666 -0.0730586
1.6666 -0.0447759
1.6666 1.38741
1.6666 0.961638
1.6666 0.0180279
1.6666 -0.115773
1.6666 -0.102125
1.6666 -0.0391562
1.6666 0.650835
1.6666 -0.0265271
1.6666 -0.200834
1.6666 1.07594
1.6666 -0.118021
1.6666 -0.301654
1.6666 0.315872
1.6666 0.730712
1.6666 0.040079
1.6666 -0.234476
1.6666 -0.256322
1.6666 0.12005
1.6666 0.500557
1.6666 -0.0564655
1.6666 0.203051
1.6666 1.20607
1.6666 -0.300577
1.6666 -0.0795989
1.6666 -0.128547
1.6666 -0.256335
1.6666 0.0198678
1.6666 -0.0951718
1.6666 0.668548
1.6666 1.27672
1.6666 0.245437
1.6666 1.05309
1.6666 0.0900407
1.6666 0.258346
1.6666 -0.256288
1.6666 -0.185528
1.6666 0.227524
1.6666 1.46364
1.6666 -0.371774
1.6666 -0.229482
1.6666 0.693172
1.6666 0.320975
1.6666 1.19514
1.6666 0.176641
1.6666 0.0623976
1.6666 0.0466235
1.6666 0.73711
1.6666 -0.119447
1.6666 1.39055
1.6666 0.851423
1.6666 0.234261
1.6666 -0.281835
1.6666 -0.122171
1.6666 -0.0956415
1.6666 0.347675
1.6666 0.0255987
1.6666 -0.209593
1.6666 1.49549
1.6666 0.0217977
1.6666 -0.0655298
1.6666 0.159146
1.6666 0.470348
1.6666 0.129723
1.6666 0.0816431
1.6666 0.0313041
1.6666 0.131328
1.6666 -0.213849
1.6666 1.54969
1.6666 0.94827
1.6666 0.232488
1.6666 -0.00209485
1.6666 0.157407
1.6666 -0.469238
1.6666 -0.0846233
1.6666 -0.054902
1.6666 -0.116014
1.6666 0.0446736
1.6666 -0.163116
1.6666 -0.0574977
1.6666 -0.0533775
1.6666 -0.138136
1.6666 -0.12514
1.6666 0.914128
1.6666 0.098016
1.6666 -0.0457172
1.6666 1.33439
1.6666 1.59361
1.6666 -0.262993
1.6666 -0.184303
1.6666 1.15751
1.6666 0.237953
1.6666 1.31983
1.6666 -0.214416
1.6666 0.327932
1.6666 0.28159
1.6666 0.256266
1.6666 0.0615563
1.6666 -0.103769
1.6666 0.196052
1.6666 -0.0483362
1.6666 0.403183
1.6666 0.0233354
1.6666 -0.102294
1.6666 0.0765863
1.6666 1.16786
1.6666 0.156509
1.6666 0.333264
1.6666 0.0764283
1.6666 0.170875
1.6666 0.170119
1.6666 0.35121
1.6666 0.522289
1.6666 0.195599
1.6666 0.253802
1.6666 0.710113
1.6666 1.19362
1.6666 0.230686
1.6666 -0.407493
1.6666 0.138999
1.6666 -0.203954
1.6666 -0.0107883
1.6666 0.857249
1.6666 0.185579
1.6666 0.0786856
1.6666 0.459811
1.6666 -0.23296
1.6666 -0.43402
1.6666 -0.234109
1.6666 0.115778
1.6666 -0.20881
1.6666 0.0260005
1.6666 -0.0681433
1.6666 -0.0931331
1.6666 -0.355119
1.6666 0.878289
1.6666 -0.0527742
1.6666 0.914622
1.6666 -0.324057
1.6666 -0.0784985
1.6666 0.139991
1.6666 1.48086
1.6666 -0.0699887
1.6666 -0.282206
1.6666 0.195643
1.6666 -0.855929
1.6666 -0.189385
1.6666 0.817924
1.6666 -0.174796
1.6666 1.20391
1.6666 -0.131014
1.6666 -1.48387
1.6666 -0.405437
1.6666 1.15411
1.6666 0.298774
1.6666 0.0406692
1.6666 -0.0457306
1.6666 -0.241072
1.6666 -0.332096
1.6666 -0.031648
1.6666 -0.159312
1.6666 0.414935
1.6666 -0.152519
1.6666 -0.140085
1.6666 0.132279
1.6666 -0.260017
1.6666 -0.214009
1.6666 0.698468
1.6666 0.363483
1.6666 -0.0149505
1.6666 -0.286586
1.6666 -0.49472
1.6666 0.0788453
1.6666 0.0596718
1.6666 -0.307496
1.6666 -0.239376
1.6666 1.3168
1.6666 0.871813
1.6666 -0.301777
1.6666 0.137673
1.6666 0.11856
1.6666 0.0198278
1.6666 -0.30598
1.6666 0.5105
1.6666 1.43012
1.6666 0.178612
1.6666 0.0833959
1.6666 0.772747
1.6666 -0.249116
1.6666 0.911866
1.6666 0.240375
1.6666 0.897253
1.6666 0.671587
1.6666 0.974107
1.6666 -0.111966
1.6666 -0.256839
1.6666 0.828216
1.6666 1.03188
1.6666 -0.00999884
1.6666 0.660158
1.6666 -0.436587
1.6666 -0.039407
1.6666 0.771498
1.6666 0.0963097
1.6666 -0.172348
1.6666 0.070573
1.6666 1.27541
1.6666 0.625476
1.6666 -0.095657
1.6666 0.0514851
1.6666 -0.0256477
1.6666 -0.0413433
1.6666 -0.0729314
1.6666 1.13459
1.6666 -0.347773
1.6666 -0.201643
1.6666 0.116039
1.6666 -0.211521
1.6666 -0.246056
1.6666 0.26214
1.6666 0.0102577
1.6666 0.446535
1.6666 1.0826
1.6666 0.0685115
1.6666 -0.333419
1.6666 -0.00143077
1.6666 0.468878
1.6666 0.254361
1.6666 -0.155016
1.6666 0.158476
1.6666 0.191444
1.6666 0.0637914
1.6666 0.447761
1.6666 0.568485
1.6666 0.866106
1.6666 0.0270431
1.6666 -0.313401
1.6666 1.26631
1.6666 -0.109265
1.6666 0.245694
1.6666 -0.499795
1.6666 -0.31907
1.6666 -0.0908799
1.6666 0.0175867
1.6666 -0.232297
1.6666 0.242825
1.6666 -0.519075
1.6666 0.444793
1.6666 0.083648
1.6666 -0.689732
1.6666 -0.367638
1.6666 1.21514
1.6666 0.0740631
1.6666 -0.0996981
1.6666 0.0639892
1.6666 -0.274853
1.6666 0.00831889
1.6666 1.14632
1.6666 0.240926
1.6666 0.411403
1.6666 0.136371
1.6666 -0.0449816
1.6666 0.213539
1.6666 0.0230521
1.6666 1.04673
1.6666 -0.177972
1.6666 -0.490309
1.6666 -0.572472
1.6666 -0.131508
1.6666 -0.354724
1.6666 -0.0723042
1.6666 -0.199244
1.6666 0.75681
1.6666 1.31824
1.6666 0.40609
1.6666 -0.0548403
1.6666 -0.264401
1.6666 0.0333343
1.6666 0.0185876
1.6666 -0.0124759
1.6666 0.0342105
1.6666 0.278765
1.6666 0.156599
1.6666 -0.0378861
1.6666 0.655898
1.6666 -0.509302
1.6666 -0.280704
1.6666 1.31344
1.6666 0.296414
1.6666 1.00896
1.6666 0.936165
1.6666 0.13229
1.6666 -0.0764609
1.6666 0.0700282
1.6666 -0.0755513
1.6666 -0.487741
1.6666 0.0920086
1.6666 0.848639
1.6666 0.488189
1.6666 -0.174136
1.6666 -0.284444
1.6666 1.16602
1.6666 0.535745
1.6666 0.426763
1.6666 -0.00717017
1.6666 -0.208087
1.6666 -0.290335
1.6666 -0.299435
1.6666 0.105868
1.6666 0.0463887
1.6666 -0.209504
1.6666 0.71614
1.6666 0.307381
1.6666 -0.215015
1.6666 0.126402
1.6666 1.19337
1.6666 0.188634
1.6666 1.02994
1.6666 0.900511
1.6666 0.0697277
1.6666 0.254292
1.6666 1.17108
1.6666 0.116528
1.6666 -0.383569
1.6666 0.136085
1.6666 -0.0300845
1.6666 0.103066
1.6666 1.19129
1.6666 1.22563
1.6666 -0.543226
1.6666 -0.057932
1.6666 0.889347
1.6666 0.741764
1.6666 -0.271026
1.6666 1.07729
1.6666 0.319851
1.6666 -0.339828
1.6666 -0.383552
1.6666 0.218563
1.6666 0.0750105
1.6666 1.05999
1.6666 -0.0944678
1.6666 0.951263
1.6666 -0.198008
1.6666 -0.353127
1.6666 -0.121774
1.6666 0.0167213
1.6666 -0.284093
1.6666 -0.0633469
1.6666 -0.0269571
1.6666 0.0271257
1.6666 -0.116524
1.6666 -0.172707
1.6666 0.0419372
1.6666 -0.23093
1.6666 -0.226308
1.6666 0.0262802
1.6666 1.35164
1.6666 -0.0345963
1.6666 -0.113695
1.6666 1.1669
1.6666 -0.025335
1.6666 0.15767
1.6666 0.0120786
1.6666 0.209169
1.6666 0.45633
1.6666 1.29824
1.6666 0.859905
1.6666 0.0657524
1.6666 0.0640457
1.6666 0.0885865
1.6666 1.03787
1.6666 -0.1273
1.6666 0.218921
1.6666 0.681628
1.6666 -0.129674
1.6666 -0.285221
1.6666 0.102607
1.6666 1.36865
1.6666 0.0821585
1.6666 -0.198151
1.6666 1.21517
1.6666 -0.407224
1.6666 -0.231059
1.6666 -0.278446
1.6666 0.0230785
1.6666 0.182347
1.6666 0.89208
1.6666 0.27624
1.6666 -0.065412
1.6666 -0.0954293
1.6666 -0.0724933
1.6666 0.194376
1.6666 0.0281414
1.6666 -0.302253
1.6666 -0.199233
1.6666 1.06271
1.6666 0.166159
1.6666 -0.272658
1.6666 0.937038
1.6666 1.06136
1.6666 0.383729
1.6666 0.334689
1.6666 -0.189498
1.6666 0.0719659
1.6666 -0.231065
1.6666 0.0854451
1.6666 0.739366
1.6666 -0.155138
1.6666 -0.0418027
1.6666 0.0616579
1.6666 0.250774
1.6666 -0.267868
1.6666 -0.273233
1.6666 0.0981995
1.6666 -0.120115
1.6666 -0.147957
1.6666 -0.224326
1.6666 1.21239
1.6666 1.05633
1.6666 0.741791
1.6666 -0.380549
1.6666 -0.0248332
1.6666 0.798284
1.6666 -0.295742
1.6666 -0.453571
1.6666 0.785222
1.6666 1.21687
1.6666 0.726803
1.6666 0.124695
1.6666 0.0251446
1.6666 1.1945
1.6666 -0.0972716
1.6666 0.693373
1.6666 -0.0410463
1.6666 -0.514662
1.6666 -0.513982
1.6666 0.0685319
1.6666 0.210377
1.6666 0.0352029
1.6666 -0.214153
1.6666 0.605564
1.6666 0.0714131
1.6666 0.197363
1.6666 0.0399805
1.6666 0.72993
1.6666 0.119578
1.6666 -0.128236
1.6666 -0.306556
1.6666 0.0468435
1.6666 0.0190533
1.6666 0.308029
1.6666 0.00518096
1.6666 0.349944
1.6666 -0.205949
1.6666 -0.0715639
1.6666 0.266679
1.6666 0.280667
1.6666 -0.203909
1.6666 0.0381741
1.6666 -0.034957
1.6666 -0.100396
1.6666 -0.215084
1.6666 0.300377
1.6666 1.04888
1.6666 -0.0299827
1.6666 0.14137
1.6666 0.453697
1.6666 0.212179
1.6666 -0.1532
1.6666 -0.252952
1.6666 0.207877
1.6666 0.856685
1.6666 0.978569
1.6666 -0.052793
1.6666 -0.14028
1.6666 -0.457932
1.6666 0.216148
1.6666 0.994627
1.6666 -0.00122462
1.6666 -0.25553
1.6666 0.071337
1.6666 -0.107346
1.6666 0.411073
1.6666 -0.180454
1.6666 0.973432
1.6666 0.913638
1.6666 -0.0458201
1.6666 0.125028
1.6666 0.143574
1.6666 -0.30943
1.6666 0.224485
1.6666 -0.115355
1.6666 0.0765797
1.6666 -0.223988
1.6666 0.0574702
1.6666 -0.237493
1.6666 0.425775
1.6666 0.312791
1.6666 -0.376578
1.6666 0.774989
1.6666 0.0885747
1.6666 0.501263
1.6666 0.129543
1.6666 0.163718
1.6666 -0.0195004
1.6666 0.261635
1.6666 0.0244103
1.6666 0.0217832
1.6666 0.915758
1.6666 1.17446
1.6666 -0.499647
1.6666 -0.000505392
1.6666 -0.106179
1.6666 -0.120423
1.6666 -0.262965
1.6666 0.41772
1.6666 -0.18967
1.6666 -0.0990604
1.6666 0.862803
1.6666 -0.467417
1.6666 -0.099147
1.6666 -0.40947
1.6666 0.334676
1.6666 -0.55889
1.6666 0.0424093
1.6666 0.196782
1.6666 1.30474
1.6666 0.255821
1.6666 0.0822434
1.6666 1.09862
1.6666 1.44047
1.6666 0.0656799
1.6666 0.147942
1.6666 -0.130995
1.6666 -0.165201
1.6666 -0.190634
1.6666 0.0778922
1.6666 -0.273034
1.6666 0.326914
1.6666 -0.415885
1.6666 -0.0579431
1.6666 1.39685
1.6666 0.337924
1.6666 -0.27276
1.6666 0.050709
1.6666 0.0713898
1.6666 -0.45437
1.6666 -0.301136
1.6666 0.00521463
1.6666 0.702477
1.6666 0.735882
1.6666 0.0844258
1.6666 -0.256754
1.6666 -0.102565
1.6666 -0.359268
1.6666 1.03717
1.6666 0.769472
1.6666 -0.108594
1.6666 -0.359381
1.6666 0.209956
1.6666 1.1154
1.6666 0.890657
1.6666 -0.214339
1.6666 -0.0599324
1.6666 0.0264821
1.6666 0.034575
1.6666 0.0849835
1.6666 0.901349
1.6666 1.12821
1.6666 1.41625
1.6666 0.6466
1.6666 -0.0488712
1.6666 -0.214656
1.6666 1.02035
1.6666 -0.488524
1.6666 0.642547
1.6666 -0.408255
1.6666 -0.438349
1.6666 0.140953
1.6666 -0.470332
1.6666 0.242755
1.6666 0.164844
1.6666 1.37218
1.6666 -0.0350451
1.6666 0.102426
1.6666 1.29294
1.6666 -0.072942
1.6666 0.305607
1.6666 0.0452479
1.6666 -0.105502
1.6666 -0.442035
1.6666 -0.0911018
1.6666 -0.0334103
1.6666 0.598813
1.6666 -0.225672
1.6666 0.294292
1.6666 0.303608
1.6666 -0.0441836
1.6666 0.0586035
1.6666 -0.284742
1.6666 -0.289741
1.6666 -0.411751
1.6666 -0.232566
1.6666 0.958956
1.6666 0.00242511
1.6666 -0.00578621
1.6666 0.0310678
1.6666 -0.21675
1.6666 1.20332
1.6666 0.0608045
1.6666 0.173109
1.6666 0.307112
1.6666 0.892965
1.6666 -0.127145
1.6666 0.584396
1.6666 -0.142733
1.6666 -0.0484267
1.6666 0.0676832
1.6666 -0.395223
1.6666 -0.0602739
1.6666 0.202112
1.6666 1.26116
1.6666 -0.140808
1.6666 0.0405199
1.6666 1.03063
1.6666 0.00210202
1.6666 0.425668
1.6666 -0.308429

3.33319 2.38776
3.33319 0.730384
3.33319 1.86899
3.33319 -0.0594421
3.33319 0.841289
3.33319 0.0332303
3.33319 0.111765
3.33319 0.917769
3.33319 0.893053
3.33319 0.901089
3.33319 -0.0488435
3.33319 0.732658
3.33319 1.99522
3.33319 -0.50084
3.33319 0.735691
3.33319 -0.284915
3.33319 0.00350986
3.33319 0.22247
3.33319 -0.0227212
3.33319 1.10712
3.33319 -0.135538
3.33319 0.0285111
3.33319 0.102527
3.33319 -0.321204
3.33319 0.132053
3.33319 3.01374
3.33319 0.135631
3.33319 1.29673
3.33319 0.929533
3.33319 0.940803
3.33319 0.027519
3.33319 0.0918093
3.33319 0.175474
3.33319 0.117901
3.33319 -0.267665
3.33319 1.148
3.33319 0.885605
3.33319 2.98474
3.33319 2.04852
3.33319 1.06737
3.33319 -0.0693258
3.33319 0.830312
3.33319 0.693847
3.33319 -0.212843
3.33319 1.18511
3.33319 1.17591
3.33319 -0.0566953
3.33319 0.0480014
3.33319 0.716693
3.33319 -0.159828
3.33319 -0.01637
3.33319 -0.169529
3.33319 1.73961
3.33319 1.14452
3.33319 1.00338
3.33319 0.190063
3.33319 0.811928
3.33319 0.0265768
3.33319 0.121577
3.33319 -0.243605
3.33319 -0.251318
3.33319 0.799849
3.33319 1.13893
3.33319 1.82245
3.33319 1.09461
3.33319 0.960349
3.33319 0.012713
3.33319 0.962956
3.33319 1.00176
3.33319 1.91827
3.33319 0.88186
3.33319 1.00482
3.33319 0.948176
3.33319 -0.0345361
3.33319 1.17403
3.33319 1.91209
3.33319 1.01449
3.33319 0.265407
3.33319 0.163181
3.33319 -0.0729176
3.33319 0.964584
3.33319 1.16416
3.33319 0.915111
3.33319 0.400294
3.33319 -0.347283
3.33319 0.957679
3.33319 1.06482
3.33319 2.01975
3.33319 0.106473
3.33319 0.217005
3.33319 -0.172046
3.33319 0.930866
3.33319 -0.201866
3.33319 -0.106874
3.33319 0.976439
3.33319 1.9708
3.33319 1.13762
3.33319 -0.0888778
3.33319 -0.305959
3.33319 0.398405
3.33319 1.00463
3.33319 -0.147759
3.33319 1.01117
3.33319 1.80787
3.33319 0.978596
3.33319 1.05002
3.33319 0.772594
3.33319 -0.825896
3.33319 0.15247
3.33319 1.86406
3.33319 1.01151
3.33319 0.724669
3.33319 2.12601
3.33319 1.75476
3.33319 0.126219
3.33319 1.95705
3.33319 -0.200252
3.33319 0.987032
3.33319 0.889647
3.33319 -0.289485
3.33319 1.12919
3.33319 1.13696
3.33319 1.28507
3.33319 0.100435
3.33319 0.0391935
3.33319 0.106833
3.33319 1.02386
3.33319 0.304254
3.33319 -0.0134023
3.33319 0.0420678
3.33319 1.07009
3.33319 0.0828443
3.33319 -0.278337
3.33319 1.29394
3.33319 2.21401
3.33319 2.13843
3.33319 -0.10379
3.33319 0.272171
3.33319 -0.0649045
3.33319 -0.386609
3.33319 -0.0463865
3.33319 1.93833
3.33319 1.83084
3.33319 -0.048996
3.33319 1.7462
3.33319 0.951727
3.33319 -0.124558
3.33319 2.13518
3.33319 1.18315
3.33319 0.804279
3.33319 1.97153
3.33319 0.687488
3.33319 -0.142053
3.33319 1.14377
3.33319 -0.0949221
3.33319 1.16532
3.33319 0.739282
3.33319 0.0298278
3.33319 -0.410508
3.33319 1.18428
3.33319 0.866461
3.33319 1.33476
3.33319 0.980948
3.33319 0.0742871
3.33319 1.24354
3.33319 0.761101
3.33319 -0.124485
3.33319 -0.0834692
3.33319 0.0598507
3.33319 1.08446
3.33319 0.989528
3.33319 1.09867
3.33319 0.139085
3.33319 -0.0623999
3.33319 1.05228
3.33319 0.145545
3.33319 -0.200263
3.33319 0.980858
3.33319 0.0109095
3.33319 0.0997113
3.33319 1.9682
3.33319 0.709047
3.33319 0.952974
3.33319 1.09383
3.33319 1.17531
3.33319 0.941519
3.33319 0.966523
3.33319 -0.0803015
3.33319 1.17158
3.33319 0.179601
3.33319 0.0649251
3.33319 2.07166
3.33319 1.0037
3.33319 1.14586
3.33319 0.0685154
3.33319 -0.0852324
3.33319 -0.219356
3.33319 0.471567
3.33319 -0.085135
3.33319 0.0273058
3.33319 -0.491239
3.33319 1.16661
3.33319 0.168854
3.33319 1.04479
3.33319 2.0664
3.33319 1.06147
3.33319 0.8017
3.33319 0.312074
3.33319 1.17734
3.33319 -0.287843
3.33319 0.879058
3.33319 0.915966
3.33319 -0.319854
3.33319 -0.00700341
3.33319 0.85391
3.33319 1.15549
3.33319 0.140006
3.33319 -0.169732
3.33319 -0.10465
3.33319 1.21999
3.33319 0.798779
3.33319 0.0634563
3.33319 -0.27926
3.33319 0.9116
3.33319 0.958754
3.33319 0.119264
3.33319 1.88387
3.33319 -0.0813796
3.33319 -0.0106369
3.33319 0.224942
3.33319 1.07764
3.33319 1.26615
3.33319 1.21717
3.33319 0.945294
3.33319 1.03402
3.33319 -0.131678
3.33319 -0.171877
3.33319 2.85385
3.33319 -0.194169
3.33319 0.0342469
3.33319 0.12752
3.33319 1.01554
3.33319 0.937468
3.33319 0.868291
3.33319 0.646029
3.33319 2.05835
3.33319 -0.220478
3.33319 -0.206621
3.33319 0.940592
3.33319 -0.321419
3.33319 0.111946
3.33319 0.894201
3.33319 0.862956
3.33319 1.03346
3.33319 -0.0464944
3.33319 -0.128896
3.33319 -0.12877
3.33319 -0.0132945
3.33319 -0.165884
3.33319 2.09481
3.33319 0.882356
3.33319 1.25546
3.33319 1.9458
3.33319 -0.313897
3.33319 0.136106
3.33319 0.00117253
3.33319 1.00523
3.33319 1.10696
3.33319 1.26798
3.33319 0.860102
3.33319 1.01613
3.33319 0.155182
3.33319 1.11179
3.33319 1.02529
3.33319 0.953025
3.33319 1.95607
3.33319 0.917687
3.33319 0.0985145
3.33319 0.593885
3.33319 0.828859
3.33319 -0.043118
3.33319 0.866011
3.33319 0.997029
3.33319 0.190544
3.33319 0.0532898
3.33319 -0.00579453
3.33319 0.128095
3.33319 0.9983
3.33319 0.0922862
3.33319 0.113806
3.33319 0.382274
3.33319 -0.188205
3.33319 0.806743
3.33319 1.55717
3.33319 0.800592
3.33319 0.326294
3.33319 1.01071
3.33319 0.260608
3.33319 1.09139
3.33319 -0.200273
3.33319 0.153845
3.33319 1.96269
3.33319 0.797068
3.33319 2.02373
3.33319 0.983844
3.33319 0.0636917
3.33319 0.951999
3.33319 -0.181873
3.33319 1.06966
3.33319 -0.0664866
3.33319 0.919041
3.33319 1.21264
3.33319 0.924531
3.33319 1.92435
3.33319 -0.220848
3.33319 0.822829
3.33319 0.0895232
3.33319 1.23661
3.33319 3.15382
3.33319 0.0279046
3.33319 1.064
3.33319 -0.270744
3.33319 -0.047832
3.33319 -0.513668
3.33319 1.20503
3.33319 0.0181547
3.33319 -0.075337
3.33319 1.07862
3.33319 -0.029656
3.33319 0.145526
3.33319 0.28556
3.33319 1.30299
3.33319 -0.066231
3.33319 0.210704
3.33319 -0.027801
3.33319 0.0109381
3.33319 1.96138
3.33319 0.409387
3.33319 0.192154
3.33319 -0.245536
3.33319 1.0068
3.33319 1.01893
3.33319 -0.00975754
3.33319 0.836709
3.33319 2.87963
3.33319 1.02454
3.33319 -0.284031
3.33319 -0.23685
3.33319 1.26324
3.33319 1.01132
3.33319 0.889775
3.33319 1.84484
3.33319 0.862246
3.33319 -0.0601482
3.33319 0.879349
3.33319 1.89212
3.33319 2.03899
3.33319 0.0107394
3.33319 1.2721
3.33319 0.0946595
3.33319 2.0166
3.33319 2.01673
3.33319 2.10408
3.33319 -0.304272
3.33319 0.912314
3.33319 -0.374359
3.33319 1.88019
3.33319 3.02768
3.33319 0.846334
3.33319 -0.064912
3.33319 0.892525
3.33319 1.01187
3.33319 2.05229
3.33319 1.09282
3.33319 0.949592
3.33319 -0.0738996
3.33319 -0.184201
3.33319 -0.0215427
3.33319 0.888092
3.33319 -0.01082
3.33319 0.162509
3.33319 1.30207
3.33319 0.0221184
3.33319 0.00739757
3.33319 1.53483
3.33319 0.649369
3.33319 0.247623
3.33319 -0.107548
3.33319 0.115051
3.33319 -0.130166
3.33319 0.9664
3.33319 -0.219509
3.33319 0.0468123
3.33319 2.20884
3.33319 -0.265185
3.33319 -0.346168
3.33319 -0.132621
3.33319 0.178274
3.33319 -0.325226
3.33319 -0.0740768
3.33319 1.16396
3.33319 3.13253
3.33319 0.766174
3.33319 0.811625
3.33319 1.13734
3.33319 0.909414
3.33319 0.147463
3.33319 -0.180207
3.33319 -0.245841
3.33319 1.97448
3.33319 -0.0822423
3.33319 0.862856
3.33319 1.60185
3.33319 -0.147989
3.33319 1.83656
3.33319 0.0981743
3.33319 -0.0339863
3.33319 0.0149636
3.33319 1.19493
3.33319 1.31365
3.33319 2.20173
3.33319 0.93334
3.33319 1.06049
3.33319 0.0235196
3.33319 -0.42982
3.33319 -0.0929293
3.33319 1.03454
3.33319 -0.0171776
3.33319 -0.0884479
3.33319 2.08219
3.33319 0.00962941
3.33319 -0.132878
3.33319 -0.0368933
3.33319 2.02119
3.33319 0.0938199
3.33319 1.06313
3.33319 0.203705
3.33319 0.0922613
3.33319 -0.0842621
3.33319 2.06749
3.33319 0.819113
3.33319 0.850283
3.33319 -2.92016e-05
3.33319 -0.05545
3.33319 -0.144103
3.33319 0.041959
3.33319 0.862955
3.33319 0.955233
3.33319 1.06611
3.33319 0.0324819
3.33319 1.0364
3.33319 1.1623
3.33319 -0.0888035
3.33319 0.10605
3.33319 0.919436
3.33319 -0.245831
3.33319 0.278977
3.33319 1.99075
3.33319 1.88458
3.33319 0.0314386
3.33319 0.967337
3.33319 0.818665
3.33319 1.04544
3.33319 2.97276
3.33319 0.0840672
3.33319 1.1874
3.33319 1.05324
3.33319 2.25099
3.33319 -0.128224
3.33319 0.0216439
3.33319 0.0521854
3.33319 1.08262
3.33319 0.917443
3.33319 -0.0212864
3.33319 -0.12986
3.33319 0.171313
3.33319 1.99563
3.33319 0.353478
3.33319 0.635562
3.33319 0.0237106
3.33319 2.05559
3.33319 -0.0259231
3.33319 1.05416
3.33319 0.661374
3.33319 0.870814
3.33319 0.724924
3.33319 0.99714
3.33319 2.07354
3.33319 0.806842
3.33319 0.141005
3.33319 -0.0778076
3.33319 0.310862
3.33319 0.228636
3.33319 0.994874
3.33319 -0.141137
3.33319 -0.10872
3.33319 0.849408
3.33319 -0.0294173
3.33319 0.193479
3.33319 -0.0489624
3.33319 0.853611
3.33319 0.114834
3.33319 1.00761
3.33319 0.978079
3.33319 -0.114463
3.33319 -0.0815658
3.33319 2.03568
3.33319 0.0219645
3.33319 0.873385
3.33319 -0.102394
3.33319 -0.264185
3.33319 0.822734
3.33319 1.81979
3.33319 -0.110705
3.33319 0.830276
3.33319 -0.111224
3.33319 -1.18605
3.33319 -0.10461
3.33319 1.10307
3.33319 0.262947
3.33319 2.11673
3.33319 -0.0071441
3.33319 -1.00009
3.33319 0.05709
3.33319 0.832526
3.33319 0.767363
3.33319 0.0466898
3.33319 -0.241127
3.33319 -0.184645
3.33319 -0.155177
3.33319 0.0448082
3.33319 -0.0902636
3.33319 1.04768
3.33319 -0.0456391
3.33319 0.234976
3.33319 0.0864073
3.33319 0.0873609
3.33319 -0.0565615
3.33319 1.04472
3.33319 1.14545
3.33319 0.366256
3.33319 1.08652
3.33319 0.0433949
3.33319 -0.0529489
3.33319 -0.0257955
3.33319 0.0203515
3.33319 0.0453198
3.33319 2.01784
3.33319 0.921979
3.33319 1.17168
3.33319 0.129603
3.33319 -0.14068
3.33319 0.788182
3.33319 0.120792
3.33319 1.20211
3.33319 1.6559
3.33319 0.971367
3.33319 0.764019
3.33319 1.36482
3.33319 -0.35393
3.33319 1.81563
3.33319 1.71622
3.33319 0.892258
3.33319 1.06936
3.33319 1.12839
3.33319 -0.301235
3.33319 0.161545
3.33319 1.0179
3.33319 1.0245
3.33319 0.0472931
3.33319 1.07104
3.33319 -0.115945
3.33319 -0.0913752
3.33319 0.844895
3.33319 0.130548
3.33319 -0.161456
3.33319 -0.111306
3.33319 0.842421
3.33319 1.0475
3.33319 0.816876
3.33319 -0.0174281
3.33319 -0.452066
3.33319 -0.254113
3.33319 -0.0114145
3.33319 0.806147
3.33319 0.326
3.33319 1.08669
3.33319 0.231616
3.33319 0.0555513
3.33319 0.0460136
3.33319 1.8218
3.33319 0.104448
3.33319 0.894473
3.33319 0.975039
3.33319 0.0249007
3.33319 -0.0878164
3.33319 -0.254427
3.33319 0.819793
3.33319 -0.283078
3.33319 -0.411776
3.33319 0.0206639
3.33319 0.562176
3.33319 -0.310176
3.33319 0.754269
3.33319 0.793375
3.33319 0.857018
3.33319 0.117679
3.33319 0.00427201
3.33319 1.86037
3.33319 0.0632121
3.33319 1.04766
3.33319 0.138381
3.33319 0.0506224
3.33319 -0.15843
3.33319 -0.077024
3.33319 0.0402937
3.33319 0.9958
3.33319 -0.212956
3.33319 0.957618
3.33319 -0.137175
3.33319 -0.0723021
3.33319 -0.359134
3.33319 0.957656
3.33319 0.0713425
3.33319 -0.0760942
3.33319 -0.112301
3.33319 0.214149
3.33319 0.0231486
3.33319 1.02529
3.33319 1.14085
3.33319 1.1397
3.33319 -0.0267738
3.33319 -0.255602
3.33319 -0.069777
3.33319 0.0756054
3.33319 0.932861
3.33319 0.340313
3.33319 -0.200144
3.33319 -1.34956e-05
3.33319 1.18632
3.33319 0.0483109
3.33319 0.062174
3.33319 0.0282299
3.33319 1.94916
3.33319 2.71061
3.33319 1.11319
3.33319 0.999297
3.33319 -0.236054
3.33319 0.118794
3.33319 0.0604268
3.33319 1.41383
3.33319 0.101461
3.33319 1.07423
3.33319 0.173431
3.33319 0.170773
3.33319 1.99669
3.33319 0.858931
3.33319 -0.157579
3.33319 0.704561
3.33319 0.792531
3.33319 0.996934
3.33319 1.16147
3.33319 0.616942
3.33319 -0.456248
3.33319 -0.241326
3.33319 1.24664
3.33319 0.105504
3.33319 0.378281
3.33319 1.09634
3.33319 1.22425
3.33319 0.0861673
3.33319 1.07508
3.33319 0.645244
3.33319 0.862521
3.33319 0.754981
3.33319 -0.230051
3.33319 -0.328213
3.33319 0.2641
3.33319 -0.233639
3.33319 -0.360815
3.33319 -0.210366
3.33319 -0.0233868
3.33319 0.983459
3.33319 0.999719
3.33319 -0.121016
3.33319 -0.141688
3.33319 1.05766
3.33319 1.09034
3.33319 2.03166
3.33319 0.932422
3.33319 0.831248
3.33319 0.634537
3.33319 1.23852
3.33319 0.835419
3.33319 -0.255984
3.33319 1.20158
3.33319 0.0282546
3.33319 0.0353475
3.33319 1.89965
3.33319 2.11586
3.33319 0.231228
3.33319 -0.251705
3.33319 1.17245
3.33319 1.14864
3.33319 1.04208
3.33319 3.0086
3.33319 1.12032
3.33319 0.175704
3.33319 0.219177
3.33319 -0.0938035
3.33319 0.99961
3.33319 2.02199
3.33319 1.09505
3.33319 0.782348
3.33319 0.131875
3.33319 0.217308
3.33319 0.171692
3.33319 0.0660265
3.33319 0.863173
3.33319 -0.0848098
3.33319 -0.182819
3.33319 -0.265518
3.33319 0.0345257
3.33319 0.187888
3.33319 -0.0918235
3.33319 0.121838
3.33319 -0.131456
3.33319 -0.376045
3.33319 3.02011
3.33319 -0.121216
3.33319 -0.228527
3.33319 1.00152
3.33319 1.26264
3.33319 0.82272
3.33319 1.15772
3.33319 0.0470915
3.33319 2.15118
3.33319 1.83054
3.33319 0.743759
3.33319 -0.154777
3.33319 1.0364
3.33319 0.0411769
3.33319 1.8611
3.33319 0.00556933
3.33319 -0.171821
3.33319 1.04301
3.33319 -0.279153
3.33319 -0.0103107
3.33319 -0.106301
3.33319 1.93269
3.33319 0.0743253
3.33319 1.00368
3.33319 0.944781
3.33319 1.04412
3.33319 -0.0805557
3.33319 0.911922
3.33319 0.175288
3.33319 -0.0299919
3.33319 0.923195
3.33319 1.78027
3.33319 0.962454
3.33319 -0.00735291
3.33319 0.04567
3.33319 0.0876268
3.33319 0.084053
3.33319 -0.0843839
3.33319 0.868477
3.33319 0.761003
3.33319 -0.0706091
3.33319 -0.0253864
3.33319 1.06904
3.33319 1.15348
3.33319 1.01387
3.33319 0.876596
3.33319 -0.023263
3.33319 0.0309959
3.33319 -0.152676
3.33319 0.0449642
3.33319 1.89327
3.33319 -0.188461
3.33319 0.0577619
3.33319 -0.0628168
3.33319 0.910395
3.33319 0.700612
3.33319 0.0827108
3.33319 0.911215
3.33319 0.966067
3.33319 -0.0864088
3.33319 0.235517
3.33319 1.06395
3.33319 1.0354
3.33319 0.749045
3.33319 0.069795
3.33319 0.0853283
3.33319 0.817257
3.33319 1.50315
3.33319 0.191937
3.33319 2.21141
3.33319 2.04998
3.33319 0.985196
3.33319 1.16637
3.33319 0.952166
3.33319 0.929872
3.33319 -0.100227
3.33319 1.80156
3.33319 0.896905
3.33319 1.12228
3.33319 -0.217888
3.33319 1.15831
3.33319 1.08727
3.33319 0.0216903
3.33319 0.803783
3.33319 0.818192
3.33319 -0.240882
3.33319 -0.207349
3.33319 0.120029
3.33319 1.08239
3.33319 -0.149616
3.33319 -0.194983
3.33319 -0.263718
3.33319 0.19444
3.33319 -0.063794
3.33319 1.05525
3.33319 0.0404439
3.33319 0.922883
3.33319 0.184376
3.33319 -0.267645
3.33319 1.17176
3.33319 -0.0802374
3.33319 -0.0641455
3.33319 0.857753
3.33319 0.67151
3.33319 0.906721
3.33319 0.0594547
3.33319 0.673744
3.33319 2.41047
3.33319 -0.406812
3.33319 1.07701
3.33319 1.05216
3.33319 -0.0233353
3.33319 0.0691123
3.33319 0.0624026
3.33319 0.893365
3.33319 1.96201
3.33319 1.00916
3.33319 -0.134668
3.33319 0.0488703
3.33319 0.0647299
3.33319 1.3311
3.33319 1.11425
3.33319 -0.00492183
3.33319 -0.125876
3.33319 0.996925
3.33319 0.88714
3.33319 1.05639
3.33319 1.1278
3.33319 0.761391
3.33319 0.849887
3.33319 0.0115921
3.33319 -0.259212
3.33319 0.945671
3.33319 -0.32105
3.33319 0.807663
3.33319 -0.0949116
3.33319 1.09268
3.33319 0.376358
3.33319 0.778774
3.33319 -0.440482
3.33319 0.759575
3.33319 1.28452
3.33319 1.00746
3.33319 1.02366
3.33319 1.06823
3.33319 1.07965
3.33319 0.0642537
3.33319 0.817306
3.33319 0.647989
3.33319 0.590267
3.33319 -0.112727
3.33319 -0.0472524
3.33319 1.13156
3.33319 0.923001
3.33319 -0.0785758
3.33319 0.0572181
3.33319 0.773224
3.33319 0.0107539
3.33319 -0.00620218
3.33319 0.681437
3.33319 0.128064
3.33319 1.68948
3.33319 0.738824
3.33319 0.107113
3.33319 -0.0857237
3.33319 -0.127591
3.33319 -0.112595
3.33319 1.12226
3.33319 -0.324146
3.33319 0.98683
3.33319 1.06749
3.33319 0.0964266
3.33319 -0.341546
3.33319 0.88432
3.33319 2.08721
3.33319 0.155659
3.33319 0.211103
3.33319 -0.188841
3.33319 -0.0763108
3.33319 -0.256053
3.33319 -0.371007
3.33319 0.407132
3.33319 0.821777
3.33319 0.118037
3.33319 0.310548
3.33319 3.28544
3.33319 1.85252
3.33319 0.726715
3.33319 -0.367239
3.33319 0.206678
3.33319 -0.25994
3.33319 -0.188642
3.33319 1.12149
3.33319 1.17053
3.33319 0.842827
3.33319 -0.0748768
3.33319 -0.438121
3.33319 1.03975
3.33319 -0.00825992
3.33319 0.871294
3.33319 1.1239
3.33319 -0.144247
3.33319 1.3213
3.33319 1.34177
3.33319 0.820695
3.33319 0.772062
3.33319 0.213288
3.33319 0.12028
3.33319 0.855902
3.33319 0.180794
3.33319 1.12448
3.33319 1.08616
3.33319 0.564124
3.33319 3.38166
3.33319 0.743748
3.33319 -0.0288149
3.33319 0.078135
3.33319 0.873235
3.33319 -0.0636766
3.33319 0.766074
3.33319 0.251221
3.33319 -0.139823
3.33319 -0.0740104
3.33319 -0.0206837
3.33319 0.836427
3.33319 -0.346049
3.33319 2.12507
3.33319 -0.165706
3.33319 0.18424
3.33319 1.81528
3.33319 0.772228
3.33319 1.21781
3.33319 0.0989492
3.33319 1.01864
3.33319 -0.0621266
3.33319 0.122386
3.33319 -0.162402
3.33319 0.854702
3.33319 0.00218282
3.33319 1.02063
3.33319 0.718929
3.33319 -0.319564
3.33319 0.917165
3.33319 -0.0699372
3.33319 -0.119206
3.33319 0.664022
3.33319 -0.0441583
3.33319 1.16667
3.33319 0.0784193
3.33319 -0.00551656
3.33319 -0.15126
3.33319 -0.0247248
3.33319 1.88615
3.33319 0.0151711
3.33319 0.702397
3.33319 0.760641
3.33319 2.10087
3.33319 -0.176783
3.33319 1.17129
3.33319 0.10019
3.33319 1.18456
3.33319 0.817
3.33319 -0.0927953
3.33319 0.818862
3.33319 1.07176
3.33319 2.10432
3.33319 0.0601458
3.33319 -0.140622
3.33319 0.491728
3.33319 -0.189699
3.33319 1.02254
3.33319 0.150265

4.99979 2.96036
4.99979 0.993274
4.99979 3.00213
4.99979 -0.00601399
4.99979 1.96927
4.99979 -0.000458092
4.99979 0.0024677
4.99979 0.980857
4.99979 0.983707
4.99979 0.995866
4.99979 -0.0297681
4.99979 0.996235
4.99979 2.00078
4.99979 0.00189609
4.99979 1.01168
4.99979 -0.0220652
4.99979 -0.0452855
4.99979 1.00878
4.99979 -0.00558849
4.99979 0.995708
4.99979 -0.0425231
4.99979 -0.00867491
4.99979 0.965272
4.99979 -0.0507972
4.99979 2.00517
4.99979 3.01208
4.99979 -0.041599
4.99979 2.00162
4.99979 1.00406
4.99979 2.00957
4.99979 0.00921133
4.99979 -0.014136
4.99979 -0.00125648
4.99979 -0.045007
4.99979 0.968443
4.99979 2.0085
4.99979 1.97849
4.99979 3.96379
4.99979 2.0082
4.99979 2.95496
4.99979 0.969599
4.99979 1.00394
4.99979 0.955175
4.99979 0.0121455
4.99979 1.99308
4.99979 2.00395
4.99979 -0.0114767
4.99979 1.97232
4.99979 1.98745
4.99979 -0.0195307
4.99979 0.00230854
4.99979 -0.0382188
4.99979 2.00813
4.99979 1.98271
4.99979 2.00369
4.99979 -0.0238002
4.99979 0.955714
4.99979 -0.0503877
4.99979 0.98845
4.99979 0.992473
4.99979 -0.0196568
4.99979 1.01066
4.99979 2.01155
4.99979 1.95445
4.99979 1.95637
4.99979 0.997231
4.99979 0.010049
4.99979 0.988294
4.99979 0.981481
4.99979 1.95387
4.99979 0.993947
4.99979 1.9956
4.99979 0.974744
4.99979 0.00573293
4.99979 1.97621
4.99979 2.00446
4.99979 1.97807
4.99979 0.985143
4.99979 -0.00146113
4.99979 -0.0413633
4.99979 0.994875
4.99979 1.98272
4.99979 1.95866
4.99979 0.996822
4.99979 -0.0253491
4.99979 0.986699
4.99979 1.98471
4.99979 2.97672
4.99979 0.999114
4.99979 0.00870744
4.99979 0.00725814
4.99979 1.97247
4.99979 1.00046
4.99979 -0.0424732
4.99979 0.966775
4.99979 1.99058
4.99979 1.97682
4.99979 0.0106366
4.99979 -0.00809286
4.99979 0.982086
4.99979 0.989362
4.99979 -0.0126383
4.99979 0.992946
4.99979 1.98508
4.99979 0.995987
4.99979 1.98054
4.99979 0.961877
4.99979 -1.02612
4.99979 0.000995028
4.99979 1.96312
4.99979 0.998846
4.99979 0.960068
4.99979 1.95377
4.99979 2.99064
4.99979 0.997377
4.99979 1.98779
4.99979 -0.0222518
4.99979 0.967969
4.99979 0.982262
4.99979 -0.0145128
4.99979 1.98564
4.99979 0.951875
4.99979 2.0097
4.99979 0.967208
4.99979 -0.047279
4.99979 1.00014
4.99979 2.94853
4.99979 1.01248
4.99979 1.95408
4.99979 0.962865
4.99979 0.981895
4.99979 0.98776
4.99979 -0.0329342
4.99979 1.99593
4.99979 2.97855
4.99979 1.99804
4.99979 1.00153
4.99979 -0.00944576
4.99979 -0.0312072
4.99979 -0.0278044
4.99979 -0.00848718
4.99979 1.96963
4.99979 2.95806
4.99979 -0.0168793
4.99979 1.95594
4.99979 0.981225
4.99979 -0.0427195
4.99979 1.95147
4.99979 1.98163
4.99979 0.979573
4.99979 2.98602
4.99979 0.978961
4.99979 -0.0370421
4.99979 0.960474
4.99979 -0.0415375
4.99979 0.989908
4.99979 1.96932
4.99979 0.00527132
4.99979 -0.0322548
4.99979 1.00277
4.99979 0.977055
4.99979 1.94756
4.99979 0.977802
4.99979 -0.028103
4.99979 1.95845
4.99979 1.95867
4.99979 -0.0324748
4.99979 0.004696
4.99979 -0.0239877
4.99979 1.00322
4.99979 2.00028
4.99979 1.9735
4.99979 0.987185
4.99979 -0.0376882
4.99979 1.00583
4.99979 -0.0404486
4.99979 -0.00449689
4.99979 1.96744
4.99979 0.978279
4.99979 1.95907
4.99979 2.97222
4.99979 0.981483
4.99979 1.9503
4.99979 0.999889
4.99979 0.995629
4.99979 0.98422
4.99979 0.964885
4.99979 0.978161
4.99979 0.999591
4.99979 -0.0214062
4.99979 2.01152
4.99979 4.01408
4.99979 0.959303
4.99979 0.973917
4.99979 -0.0203951
4.99979 -0.0481064
4.99979 -0.021668
4.99979 0.989659
4.99979 0.990643
4.99979 -0.0444622
4.99979 -0.0390349
4.99979 1.95041
4.99979 -0.0360887
4.99979 0.983472
4.99979 1.97285
4.99979 1.00094
4.99979 0.992736
4.99979 1.96901
4.99979 0.997941
4.99979 -0.0236406
4.99979 0.990028
4.99979 0.983078
4.99979 -0.0142815
4.99979 -0.00869523
4.99979 1.99984
4.99979 1.95078
4.99979 1.00258
4.99979 0.00480447
4.99979 -0.000843251
4.99979 1.00378
4.99979 1.99569
4.99979 0.983353
4.99979 -0.0201376
4.99979 0.985526
4.99979 0.995169
4.99979 1.96302
4.99979 1.99817
4.99979 -0.00628299
4.99979 -0.0133372
4.99979 1.98297
4.99979 2.98993
4.99979 3.00455
4.99979 2.0068
4.99979 0.959488
4.99979 1.97776
4.99979 -0.0261238
4.99979 -0.00557568
4.99979 4.00431
4.99979 0.0126486
4.99979 0.982585
4.99979 0.954292
4.99979 1.98799
4.99979 0.986173
4.99979 0.980219
4.99979 0.973421
4.99979 2.00722
4.99979 0.957615
4.99979 -0.00120287
4.99979 1.00885
4.99979 0.00227283
4.99979 0.995098
4.99979 1.00976
4.99979 0.989422
4.99979 1.94995
4.99979 -0.0410043
4.99979 0.95662
4.99979 -0.00656342
4.99979 0.00915133
4.99979 -0.0325663
4.99979 1.99591
4.99979 0.985697
4.99979 0.987757
4.99979 2.98557
4.99979 -0.00769724
4.99979 0.964699
4.99979 -0.0179096
4.99979 0.992494
4.99979 0.974566
4.99979 0.968335
4.99979 0.977237
4.99979 0.988643
4.99979 1.00095
4.99979 0.954573
4.99979 1.95678
4.99979 0.983164
4.99979 2.98323
4.99979 0.98631
4.99979 -0.00637761
4.99979 1.00193
4.99979 0.985748
4.99979 -0.0150361
4.99979 1.00251
4.99979 1.99151
4.99979 1.98421
4.99979 0.985708
4.99979 0.974131
4.99979 -0.015952
4.99979 2.0021
4.99979 -0.0494007
4.99979 -0.0210041
4.99979 1.99061
4.99979 -0.0378264
4.99979 0.995377
4.99979 2.00728
4.99979 0.956493
4.99979 1.9785
4.99979 1.96878
4.99979 1.00406
4.99979 0.962328
4.99979 -0.0370129
4.99979 0.957579
4.99979 1.97911
4.99979 0.99076
4.99979 2.99729
4.99979 1.01201
4.99979 1.0083
4.99979 0.96627
4.99979 -0.0406442
4.99979 0.99769
4.99979 0.996636
4.99979 0.987684
4.99979 3.00805
4.99979 1.96404
4.99979 1.96556
4.99979 0.987813
4.99979 0.957757
4.99979 -0.0141922
4.99979 1.99024
4.99979 3.00781
4.99979 -0.000221767
4.99979 2.95206
4.99979 -0.0446737
4.99979 -0.0481306
4.99979 -0.0275637
4.99979 0.981553
4.99979 0.953259
4.99979 -0.0498659
4.99979 0.996227
4.99979 -0.0114386
4.99979 -0.0429583
4.99979 2.01097
4.99979 0.978355
4.99979 0.00463682
4.99979 0.964567
4.99979 0.987678
4.99979 -0.0460093
4.99979 1.98254
4.99979 1.98702
4.99979 1.9757
4.99979 -0.0179244
4.99979 2.00847
4.99979 1.00686
4.99979 -0.0467282
4.99979 0.97067
4.99979 2.97799
4.99979 1.98006
4.99979 0.963839
4.99979 0.970708
4.99979 0.994538
4.99979 1.9935
4.99979 1.99531
4.99979 1.98456
4.99979 0.959405
4.99979 -0.0253064
4.99979 0.998259
4.99979 1.96899
4.99979 1.99606
4.99979 1.00088
4.99979 1.95807
4.99979 -0.0485281
4.99979 1.98298
4.99979 3.00748
4.99979 1.97199
4.99979 0.961685
4.99979 0.997415
4.99979 -0.04152
4.99979 2.9603
4.99979 2.96345
4.99979 1.01064
4.99979 0.00510407
4.99979 0.953366
4.99979 2.00015
4.99979 3.01234
4.99979 1.97182
4.99979 0.98068
4.99979 1.00841
4.99979 0.00134033
4.99979 0.9752
4.99979 1.00858
4.99979 -0.0265397
4.99979 -0.991367
4.99979 1.95793
4.99979 -0.0438051
4.99979 -0.00817352
4.99979 1.99394
4.99979 0.996399
4.99979 -0.0132495
4.99979 0.0104586
4.99979 0.000673045
4.99979 0.995366
4.99979 0.949985
4.99979 -0.0374213
4.99979 -0.0145826
4.99979 1.99651
4.99979 0.00244279
4.99979 -0.0491541
4.99979 -0.0136406
4.99979 -0.0526327
4.99979 -0.039108
4.99979 -0.0407359
4.99979 2.9657
4.99979 3.95065
4.99979 0.968174
4.99979 0.984579
4.99979 0.990544
4.99979 1.00195
4.99979 -0.0172784
4.99979 -0.034547
4.99979 -0.0183732
4.99979 2.00599
4.99979 0.980334
4.99979 0.998671
4.99979 1.97929
4.99979 0.0116985
4.99979 3.00631
4.99979 -0.0244814
4.99979 0.969863
4.99979 0.00993348
4.99979 3.00076
4.99979 2.00813
4.99979 2.0123
4.99979 2.00778
4.99979 1.00087
4.99979 -0.00804364
4.99979 -0.0327112
4.99979 0.000999608
4.99979 0.968367
4.99979 0.984046
4.99979 0.00372695
4.99979 1.99915
4.99979 0.00492003
4.99979 -0.0173299
4.99979 -0.0372296
4.99979 1.95726
4.99979 0.995988
4.99979 2.00066
4.99979 1.01161
4.99979 -0.0463989
4.99979 0.00782597
4.99979 2.0052
4.99979 0.963436
4.99979 1.96697
4.99979 1.00561
4.99979 -0.0243277
4.99979 0.960086
4.99979 -0.0466687
4.99979 0.96971
4.99979 1.00134
4.99979 0.959906
4.99979 0.99594
4.99979 2.99205
4.99979 1.9619
4.99979 -0.0333556
4.99979 -0.000953566
4.99979 0.958924
4.99979 -0.0153439
4.99979 0.988912
4.99979 3.96587
4.99979 1.96903
4.99979 0.00461303
4.99979 1.95285
4.99979 0.982891
4.99979 0.978885
4.99979 3.00635
4.99979 -0.0109185
4.99979 1.00169
4.99979 0.988741
4.99979 3.00097
4.99979 1.00124
4.99979 1.98088
4.99979 -0.0340059
4.99979 1.00838
4.99979 0.986363
4.99979 0.994514
4.99979 0.0093755
4.99979 0.965777
4.99979 1.9502
4.99979 -0.00129729
4.99979 1.00781
4.99979 0.972307
4.99979 1.99387
4.99979 -0.00848221
4.99979 1.98518
4.99979 1.0064
4.99979 2.00395
4.99979 0.988363
4.99979 0.952855
4.99979 2.96591
4.99979 0.988241
4.99979 0.957404
4.99979 -0.0320961
4.99979 1.01341
4.99979 -0.0283366
4.99979 0.97767
4.99979 0.0136468
4.99979 -0.0251148
4.99979 0.993463
4.99979 -0.030573
4.99979 1.98332
4.99979 -0.0159695
4.99979 1.00211
4.99979 -0.0393106
4.99979 1.99633
4.99979 2.009
4.99979 -0.0326712
4.99979 -0.0337689
4.99979 2.01116
4.99979 -0.0467655
4.99979 1.95824
4.99979 0.955026
4.99979 -0.0337484
4.99979 1.00076
4.99979 2.00904
4.99979 -0.0373438
4.99979 1.01302
4.99979 -0.0444677
4.99979 -1.01396
4.99979 -0.0208618
4.99979 0.967687
4.99979 0.985933
4.99979 2.99493
4.99979 -0.0456522
4.99979 -1.00456
4.99979 -0.003173
4.99979 0.983386
4.99979 0.99489
4.99979 -0.0137312
4.99979 -0.0490485
4.99979 -0.0322956
4.99979 -0.0358889
4.99979 1.01258
4.99979 -0.0162197
4.99979 1.98235
4.99979 0.00405551
4.99979 -0.0223354
4.99979 0.980804
4.99979 1.00747
4.99979 -0.0145791
4.99979 2.00058
4.99979 2.00901
4.99979 0.965676
4.99979 0.96093
4.99979 0.980448
4.99979 0.95928
4.99979 0.981602
4.99979 -0.0227247
4.99979 -0.000364668
4.99979 3.00519
4.99979 0.966579
4.99979 2.98306
4.99979 -0.0473267
4.99979 0.961756
4.99979 0.983688
4.99979 -0.000946732
4.99979 2.9903
4.99979 2.94387
4.99979 0.996145
4.99979 1.01004
4.99979 1.97195
4.99979 0.994851
4.99979 1.97823
4.99979 2.01362
4.99979 2.99222
4.99979 1.96385
4.99979 0.963167
4.99979 -0.0224274
4.99979 1.98665
4.99979 0.980226
4.99979 1.01018
4.99979 -0.051139
4.99979 1.01266
4.99979 0.992362
4.99979 -0.0513414
4.99979 1.95666
4.99979 -0.0208681
4.99979 0.971378
4.99979 0.00528688
4.99979 1.00047
4.99979 0.963176
4.99979 0.986732
4.99979 -0.0119549
4.99979 -0.0206352
4.99979 -0.0115748
4.99979 -0.00242288
4.99979 1.00778
4.99979 0.956793
4.99979 0.965392
4.99979 0.988804
4.99979 -0.0179219
4.99979 -0.0213247
4.99979 1.97714
4.99979 0.96213
4.99979 1.96726
4.99979 1.01318
4.99979 -0.0126595
4.99979 -0.045891
4.99979 -0.0278668
4.99979 0.993785
4.99979 -0.011031
4.99979 -1.01573
4.99979 -0.00576199
4.99979 1.99867
4.99979 -0.0348386
4.99979 1.0072
4.99979 0.98568
4.99979 0.966729
4.99979 0.98503
4.99979 -0.0278256
4.99979 1.99434
4.99979 0.969581
4.99979 0.971381
4.99979 1.99213
4.99979 -0.0104265
4.99979 0.000590076
4.99979 -0.00375726
4.99979 -0.040151
4.99979 0.973809
4.99979 1.01216
4.99979 0.996713
4.99979 0.00746477
4.99979 -0.0240814
4.99979 1.00087
4.99979 1.95629
4.99979 -0.00970331
4.99979 0.952406
4.99979 0.96461
4.99979 0.00795838
4.99979 1.00386
4.99979 0.957339
4.99979 0.969914
4.99979 0.965192
4.99979 1.00853
4.99979 -0.0232122
4.99979 -0.0243224
4.99979 0.99361
4.99979 0.979668
4.99979 0.984244
4.99979 -0.0223083
4.99979 -0.015374
4.99979 1.00503
4.99979 -0.0158495
4.99979 0.974082
4.99979 0.966326
4.99979 1.99114
4.99979 3.01537
4.99979 0.974941
4.99979 0.982109
4.99979 -0.00789511
4.99979 0.96217
4.99979 -0.035213
4.99979 1.95386
4.99979 -0.0478781
4.99979 1.00736
4.99979 0.00995234
4.99979 1.00993
4.99979 1.98477
4.99979 0.957454
4.99979 0.958526
4.99979 1.00454
4.99979 0.984244
4.99979 2.00064
4.99979 2.00856
4.99979 0.989646
4.99979 -0.0293963
4.99979 -0.00948028
4.99979 1.9847
4.99979 0.953193
4.99979 0.989541
4.99979 0.993461
4.99979 2.95674
4.99979 0.0127914
4.99979 1.96251
4.99979 1.96884
4.99979 0.968345
4.99979 0.997168
4.99979 -0.0250942
4.99979 -0.0133678
4.99979 0.992539
4.99979 -0.0334544
4.99979 -0.0159706
4.99979 -0.0444171
4.99979 -0.0271414
4.99979 0.981108
4.99979 1.00258
4.99979 -0.0378753
4.99979 0.958229
4.99979 0.95699
4.99979 2.01261
4.99979 1.98728
4.99979 0.956913
4.99979 0.984597
4.99979 0.985768
4.99979 1.97857
4.99979 0.954443
4.99979 0.971365
4.99979 1.00324
4.99979 -0.00634933
4.99979 -0.0269403
4.99979 2.97562
4.99979 2.99408
4.99979 -0.0389916
4.99979 0.0061252
4.99979 1.97525
4.99979 0.957897
4.99979 0.964758
4.99979 4.96203
4.99979 1.9648
4.99979 -0.0419682
4.99979 0.965932
4.99979 -0.0419874
4.99979 2.00725
4.99979 2.00858
4.99979 0.968895
4.99979 1.01225
4.99979 0.988325
4.99979 0.996899
4.99979 0.0142511
4.99979 -0.00433704
4.99979 0.996716
4.99979 -0.00422732
4.99979 -0.011917
4.99979 -0.0331567
4.99979 -0.00270601
4.99979 -0.045192
4.99979 0.996325
4.99979 -0.0303725
4.99979 0.960201
4.99979 -0.0354416
4.99979 2.98749
4.99979 -0.00948668
4.99979 0.000768438
4.99979 0.968735
4.99979 2.99396
4.99979 1.00489
4.99979 0.997503
4.99979 0.0081153
4.99979 1.96324
4.99979 1.95916
4.99979 0.982501
4.99979 -0.0388483
4.99979 2.00778
4.99979 -0.0134863
4.99979 1.96309
4.99979 0.989641
4.99979 0.966401
4.99979 2.00315
4.99979 -0.0267995
4.99979 -0.0443895
4.99979 0.971888
4.99979 1.98816
4.99979 -0.00336158
4.99979 1.99709
4.99979 1.95976
4.99979 0.984463
4.99979 -0.00622811
4.99979 0.963376
4.99979 0.986183
4.99979 -0.0428734
4.99979 1.9686
4.99979 1.95003
4.99979 1.00916
4.99979 -0.0319595
4.99979 -0.0281779
4.99979 0.957292
4.99979 1.00413
4.99979 1.00385
4.99979 1.96979
4.99979 0.955347
4.99979 0.99421
4.99979 0.961952
4.99979 1.99841
4.99979 1.01279
4.99979 1.00563
4.99979 0.964032
4.99979 -0.0209229
4.99979 -0.0273015
4.99979 -0.0404902
4.99979 1.00422
4.99979 2.98588
4.99979 -0.0397465
4.99979 -0.0395318
4.99979 -0.0237736
4.99979 1.00075
4.99979 0.97639
4.99979 -0.0322383
4.99979 0.969579
4.99979 0.980136
4.99979 -0.0341604
4.99979 -0.00818508
4.99979 0.968586
4.99979 1.97511
4.99979 0.996347
4.99979 0.00311466
4.99979 0.966642
4.99979 0.986792
4.99979 2.00499
4.99979 0.974254
4.99979 2.96241
4.99979 2.99777
4.99979 2.00549
4.99979 2.01008
4.99979 1.96182
4.99979 0.993638
4.99979 -0.0498894
4.99979 2.00881
4.99979 0.966166
4.99979 0.951255
4.99979 -0.0281288
4.99979 0.976866
4.99979 0.994325
4.99979 0.955584
4.99979 0.961341
4.99979 0.974111
4.99979 0.00502444
4.99979 -0.0305099
4.99979 -0.0423589
4.99979 1.9951
4.99979 -0.0280912
4.99979 -0.0019287
4.99979 0.00150613
4.99979 1.01512
4.99979 -0.000655466
4.99979 0.991137
4.99979 -0.0525967
4.99979 1.97184
4.99979 0.987106
4.99979 -0.0530716
4.99979 0.958681
4.99979 0.00811677
4.99979 -0.0200094
4.99979 0.959706
4.99979 0.992961
4.99979 0.981187
4.99979 0.981457
4.99979 0.994583
4.99979 2.97314
4.99979 1.00195
4.99979 1.98728
4.99979 2.98601
4.99979 -0.0370134
4.99979 -0.00499276
4.99979 1.00445
4.99979 0.994248
4.99979 1.96928
4.99979 0.986466
4.99979 -0.0449842
4.99979 0.978622
4.99979 -0.0282563
4.99979 1.99184
4.99979 0.982198
4.99979 -0.00411339
4.99979 0.0130124
4.99979 1.0032
4.99979 0.993578
4.99979 1.97145
4.99979 1.98426
4.99979 0.982182
4.99979 1.99583
4.99979 -0.0154225
4.99979 0.00214931
4.99979 0.949647
4.99979 0.955842
4.99979 1.97426
4.99979 -0.0342223
4.99979 2.00814
4.99979 0.988782
4.99979 1.95525
4.99979 0.00819199
4.99979 0.973563
4.99979 2.96553
4.99979 1.00064
4.99979 0.955926
4.99979 1.00851
4.99979 2.0037
4.99979 -0.0192506
4.99979 0.989797
4.99979 0.997083
4.99979 0.985313
4.99979 1.00774
4.99979 0.00427357
4.99979 0.975459
4.99979 1.004
4.99979 -0.0167617
4.99979 0.00552679
4.99979 0.981775
4.99979 0.00272852
4.99979 -0.0127991
4.99979 0.954459
4.99979 1.00333
4.99979 1.95564
4.99979 0.995269
4.99979 0.970785
4.99979 0.988416
4.99979 -0.00679087
4.99979 -0.0313692
4.99979 1.96686
4.99979 -0.0276198
4.99979 0.967621
4.99979 0.958908
4.99979 1.97304
4.99979 -0.0260158
4.99979 0.993952
4.99979 1.99777
4.99979 0.995628
4.99979 0.964987
4.99979 0.000866477
4.99979 -0.0442433
4.99979 0.956175
4.99979 0.992221
4.99979 0.991368
4.99979 0.985215
4.99979 1.96741
4.99979 0.9702
4.99979 2.95722
4.99979 2.00865
4.99979 0.960385
4.99979 -0.026202
4.99979 0.957329
4.99979 0.960352
4.99979 -0.0293914
4.99979 1.96732
4.99979 1.9946
4.99979 0.953354
4.99979 0.984
4.99979 -0.0315403
4.99979 1.97011
4.99979 -0.00828533
4.99979 0.983991
4.99979 0.959574
4.99979 0.0124912
4.99979 1.00188
4.99979 3.00669
4.99979 1.00579
4.99979 0.956095
4.99979 0.984427
4.99979 0.966086
4.99979 0.998333
4.99979 0.999801
4.99979 1.9944
4.99979 0.976818
4.99979 1.99542
4.99979 3.95413
4.99979 0.959582
4.99979 -0.022592
4.99979 0.948398
4.99979 0.979216
4.99979 0.987735
4.99979 0.976809
4.99979 0.992714
4.99979 1.00118
4.99979 -0.00877369
4.99979 0.981021
4.99979 1.0091
4.99979 -0.00179984
4.99979 1.95272
4.99979 0.00235401
4.99979 0.971339
4.99979 2.96146
4.99979 0.999758
4.99979 1.96527
4.99979 0.960404
4.99979 0.953493
4.99979 0.980515
4.99979 0.990082
4.99979 0.983071
4.99979 1.95949
4.99979 0.95522
4.99979 0.983098
4.99979 0.994268
4.99979 -1.01284
4.99979 0.972087
4.99979 -0.0299942
4.99979 -0.00788533
4.99979 1.96357
4.99979 0.978057
4.99979 0.9679
4.99979 0.99886
4.99979 -0.0160831
4.99979 -0.00487391
4.99979 0.953369
4.99979 3.00145
4.99979 -0.046397
4.99979 0.955184
4.99979 0.965218
4.99979 2.01113
4.99979 -0.00615382
4.99979 1.01256
4.99979 0.00795967
4.99979 2.95511
4.99979 0.949538
4.99979 0.00411699
4.99979 1.98283
4.99979 0.98009
4.99979 2.96586
4.99979 -0.0202515
4.99979 -0.0193767
4.99979 0.958074
4.99979 -0.0481359
4.99979 0.979313
4.99979 0.959672

